@usecs:
[2, 4)                 1 |@@@@@@@@@@@@@                                       |
[4, 8)                 2 |                                                    |
[8, 16)                3 |@@@@@@                                              |
[16, 32)               4 |@@@@@@@@@@@@@@@@@@@@@@@@@@@@@@@@@@@@@@@@@@@@@@@@@@@@|
[32, 64)               5 |@@@@@@                                              |
@usecs:
[2, 4)                 1 |@@@@@@@@@@@@@                                       |
[4, 8)                 2 |                                                    |
[8, 16)                3 |@@@@@@                                              |
[16, 32)               4 |@@@@@@@@@@@@@@@@@@@@@@@@@@@@@@@@@@@@@@@@@@@@@@@@@@@@|
[32, 64)               5 |@@@@@@                                              |

@usecs:
[2, 4)                 1 |@@@@@@@@@@@@@                                       |
[4, 8)                 2 |                                                    |
[8, 16)                3 |@@@@@@                                              |
[16, 32)               4 |@@@@@@@@@@@@@@@@@@@@@@@@@@@@@@@@@@@@@@@@@@@@@@@@@@@@|
[32, 64)               5 |@@@@@@                                              |

@usecs:
[2, 4)                 1 |@@@@@@@@@@@@@                                       |
[4, 8)                 2 |                                                    |
[8, 16)                3 |@@@@@@                                              |
[16, 32)               4 |@@@@@@@@@@@@@@@@@@@@@@@@@@@@@@@@@@@@@@@@@@@@@@@@@@@@|
[32, 64)               5 |@@@@@@                                              |

@usecs:
[2, 4)                 1 |@@@@@@@@@@@@@                                       |
[4, 8)                 2 |                                                    |
[8, 16)                3 |@@@@@@                                              |
[16, 32)               4 |@@@@@@@@@@@@@@@@@@@@@@@@@@@@@@@@@@@@@@@@@@@@@@@@@@@@|
[32, 64)               5 |@@@@@@                                              |

@usecs:
[2, 4)                 1 |@@@@@@@@@@@@@                                       |
[4, 8)                 2 |                                                    |
[8, 16)                3 |@@@@@@                                              |
[16, 32)               4 |@@@@@@@@@@@@@@@@@@@@@@@@@@@@@@@@@@@@@@@@@@@@@@@@@@@@|
[32, 64)               5 |@@@@@@                                              |

@usecs:
[2, 4)                 1 |@@@@@@@@@@@@@                                       |
[4, 8)                 2 |                                                    |
[8, 16)                3 |@@@@@@                                              |
[16, 32)               4 |@@@@@@@@@@@@@@@@@@@@@@@@@@@@@@@@@@@@@@@@@@@@@@@@@@@@|
[32, 64)               5 |@@@@@@                                              |

@usecs:
[2, 4)                 1 |@@@@@@@@@@@@@                                       |
[4, 8)                 2 |                                                    |
[8, 16)                3 |@@@@@@                                              |
[16, 32)               4 |@@@@@@@@@@@@@@@@@@@@@@@@@@@@@@@@@@@@@@@@@@@@@@@@@@@@|
[32, 64)               5 |@@@@@@                                              |

@usecs:
[2, 4)                 1 |@@@@@@@@@@@@@                                       |
[4, 8)                 2 |                                                    |
[8, 16)                3 |@@@@@@                                              |
[16, 32)               4 |@@@@@@@@@@@@@@@@@@@@@@@@@@@@@@@@@@@@@@@@@@@@@@@@@@@@|
[32, 64)               5 |@@@@@@                                              |

@usecs:
[2, 4)                 1 |@@@@@@@@@@@@@                                       |
[4, 8)                 2 |                                                    |
[8, 16)                3 |@@@@@@                                              |
[16, 32)               4 |@@@@@@@@@@@@@@@@@@@@@@@@@@@@@@@@@@@@@@@@@@@@@@@@@@@@|
[32, 64)               5 |@@@@@@                                              |

@usecs:
[2, 4)                 1 |@@@@@@@@@@@@@                                       |
[4, 8)                 2 |                                                    |
[8, 16)                3 |@@@@@@                                              |
[16, 32)               4 |@@@@@@@@@@@@@@@@@@@@@@@@@@@@@@@@@@@@@@@@@@@@@@@@@@@@|
[32, 64)               5 |@@@@@@                                              |

@usecs:
[2, 4)                 1 |@@@@@@@@@@@@@                                       |
[4, 8)                 2 |                                                    |
[8, 16)                3 |@@@@@@                                              |
[16, 32)               4 |@@@@@@@@@@@@@@@@@@@@@@@@@@@@@@@@@@@@@@@@@@@@@@@@@@@@|
[32, 64)               5 |@@@@@@                                              |

@usecs:
[2, 4)                 1 |@@@@@@@@@@@@@                                       |
[4, 8)                 2 |                                                    |
[8, 16)                3 |@@@@@@                                              |
[16, 32)               4 |@@@@@@@@@@@@@@@@@@@@@@@@@@@@@@@@@@@@@@@@@@@@@@@@@@@@|
[32, 64)               5 |@@@@@@                                              |

@usecs:
[2, 4)                 1 |@@@@@@@@@@@@@                                       |
[4, 8)                 2 |                                                    |
[8, 16)                3 |@@@@@@                                              |
[16, 32)               4 |@@@@@@@@@@@@@@@@@@@@@@@@@@@@@@@@@@@@@@@@@@@@@@@@@@@@|
[32, 64)               5 |@@@@@@                                              |

@usecs:
[2, 4)                 1 |@@@@@@@@@@@@@                                       |
[4, 8)                 2 |                                                    |
[8, 16)                3 |@@@@@@                                              |
[16, 32)               4 |@@@@@@@@@@@@@@@@@@@@@@@@@@@@@@@@@@@@@@@@@@@@@@@@@@@@|
[32, 64)               5 |@@@@@@                                              |

@usecs:
[2, 4)                 1 |@@@@@@@@@@@@@                                       |
[4, 8)                 2 |                                                    |
[8, 16)                3 |@@@@@@                                              |
[16, 32)               4 |@@@@@@@@@@@@@@@@@@@@@@@@@@@@@@@@@@@@@@@@@@@@@@@@@@@@|
[32, 64)               5 |@@@@@@                                              |

@usecs:
[2, 4)                 1 |@@@@@@@@@@@@@                                       |
[4, 8)                 2 |                                                    |
[8, 16)                3 |@@@@@@                                              |
[16, 32)               4 |@@@@@@@@@@@@@@@@@@@@@@@@@@@@@@@@@@@@@@@@@@@@@@@@@@@@|
[32, 64)               5 |@@@@@@                                              |

@usecs:
[2, 4)                 1 |@@@@@@@@@@@@@                                       |
[4, 8)                 2 |                                                    |
[8, 16)                3 |@@@@@@                                              |
[16, 32)               4 |@@@@@@@@@@@@@@@@@@@@@@@@@@@@@@@@@@@@@@@@@@@@@@@@@@@@|
[32, 64)               5 |@@@@@@                                              |

@usecs:
[2, 4)                 1 |@@@@@@@@@@@@@                                       |
[4, 8)                 2 |                                                    |
[8, 16)                3 |@@@@@@                                              |
[16, 32)               4 |@@@@@@@@@@@@@@@@@@@@@@@@@@@@@@@@@@@@@@@@@@@@@@@@@@@@|
[32, 64)               5 |@@@@@@                                              |

@usecs:
[2, 4)                 1 |@@@@@@@@@@@@@                                       |
[4, 8)                 2 |                                                    |
[8, 16)                3 |@@@@@@                                              |
[16, 32)               4 |@@@@@@@@@@@@@@@@@@@@@@@@@@@@@@@@@@@@@@@@@@@@@@@@@@@@|
[32, 64)               5 |@@@@@@                                              |

@usecs:
[2, 4)                 1 |@@@@@@@@@@@@@                                       |
[4, 8)                 2 |                                                    |
[8, 16)                3 |@@@@@@                                              |
[16, 32)               4 |@@@@@@@@@@@@@@@@@@@@@@@@@@@@@@@@@@@@@@@@@@@@@@@@@@@@|
[32, 64)               5 |@@@@@@                                              |

